    unsorted:	 171.3472991 171.3472991 171.3472991 171.3472991 171.3472991 171.3472991 171.3472991 171.3472991 171.3472991 171.3472991 171.3472991 171.3472991 171.3472991 267.8129471 266.4797155 272.7686385 262.9764368 276.9870137 279.5199876 286.1627991 287.3564570 252.3489922 249.3538708 243.3317189 239.8436822 297.0611734 301.0786679 305.5282651 225.0739134 222.2066049 219.1538227 215.8528624 212.2605668 204.7927413 200.7803671 320.8997887 323.5729378 331.2503118 336.0663040 343.7279200 344.5562035 184.1858866 176.9444423 360.5954588 155.6700038 154.0497450 138.2832986 389.7400258 392.1984965 122.9148493 118.3415314 113.5713634 406.0093676 413.7675191 419.7860885 89.95918996 83.07810503 72.97641636 66.18400201 433.8485048 51.24219639 0.01933282737 0.02263225504 0.07592964851 0.08792917196 34.96320231 41.37005701 22.09916691 17.06350141 451.7381940 464.1752867 493.8574888 557.8967096 582.1225157 612.3125535 636.5409928 671.9652674 700.8269069 717.2469627 920.9435310 957.2176870 1013.544061 1073.841648 1129.147185 1258.937050 1459.386282 1602.429019 1871.538018 2025.842980 2160.682152 2450.172788 2616.737161 2657.915219 3161.739138 3207.202136 3894.083424 5217.136568 6087.264285 6905.342207 9336.649889 11658.04275 14470.76964 20400.80901 26218.86597 31392.42752 39254.35461 40580.92713 46991.66503 59308.27226 94045.06828 128594.9275 162916.3540 789602.6972
      sorted:	 0.01933282737 0.02263225504 0.07592964851 0.08792917196 17.06350141 22.09916691 34.96320231 41.37005701 51.24219639 66.18400201 72.97641636 83.07810503 89.95918996 113.5713634 118.3415314 122.9148493 138.2832986 154.0497450 155.6700038 171.3472991 171.3472991 171.3472991 171.3472991 171.3472991 171.3472991 171.3472991 171.3472991 171.3472991 171.3472991 171.3472991 171.3472991 171.3472991 176.9444423 184.1858866 200.7803671 204.7927413 212.2605668 215.8528624 219.1538227 222.2066049 225.0739134 239.8436822 243.3317189 249.3538708 252.3489922 262.9764368 266.4797155 267.8129471 272.7686385 276.9870137 279.5199876 286.1627991 287.3564570 297.0611734 301.0786679 305.5282651 320.8997887 323.5729378 331.2503118 336.0663040 343.7279200 344.5562035 360.5954588 389.7400258 392.1984965 406.0093676 413.7675191 419.7860885 433.8485048 451.7381940 464.1752867 493.8574888 557.8967096 582.1225157 612.3125535 636.5409928 671.9652674 700.8269069 717.2469627 920.9435310 957.2176870 1013.544061 1073.841648 1129.147185 1258.937050 1459.386282 1602.429019 1871.538018 2025.842980 2160.682152 2450.172788 2616.737161 2657.915219 3161.739138 3207.202136 3894.083424 5217.136568 6087.264285 6905.342207 9336.649889 11658.04275 14470.76964 20400.80901 26218.86597 31392.42752 39254.35461 40580.92713 46991.66503 59308.27226 94045.06828 128594.9275 162916.3540 789602.6972
