    unsorted:	 76.15435544 76.15435544 76.13980223 76.13709567 76.14209898 76.14407478 76.13389266 76.13009806 76.14751767 76.12560163 76.12028916 76.11404116 76.10672438 76.09807446 76.08784373 76.07577648 76.06156804 76.04482167 76.02508167 76.00177343 75.97416672 75.94150830 75.90293786 75.85767067 75.80465545 75.74277742 75.67036773 75.58586373 75.48714555 75.37243739 75.26054982 75.20989165 75.06549879 74.88053083 74.66518896 74.41448469 77.07427438 74.12628811 73.78983230 73.41665521 73.36148611 72.67363133 72.33236530 71.60628276 71.38256257 70.66098353 80.04112159 69.75879371 68.76630100 67.76972417 67.41855489 65.16859973 61.38152249 58.36930069 56.14848329 98.77879595 101.1465795 50.25854435 107.7622202 43.51537881 39.76962870 118.3567379 120.1952277 127.3988939 29.99613537 29.39585235 27.54814025 133.4828137 135.4817833 138.7740506 22.14205194 145.1443012 153.3205062 159.4197728 158.9565281 158.2926552 162.1084381 166.8144315 17.39172853 14.65506908 170.2015817 173.3837295 177.2692087 181.2872867 0.09308925642 0.02885321054 0.2574711564 187.0452385 194.0175878 199.7862570 204.0978709 233.3900057 243.1053082 256.7618485 264.6664360 283.9321278 297.4761235 307.7955042 336.7826188 351.8846884 473.8067365 497.1558362 643.6188413 705.5861291 771.2872481 792.4234661 826.4101603 932.7077777 966.6271711 1219.788572 1384.529127 1403.346705 1548.438564 1701.026688 1957.593447 2125.244226 2213.461631 2376.084605 2462.206441 2695.125194 2984.620645 2998.750879 3428.479418 3558.995918 3593.112320 3822.895181 4514.544391 4724.660812 4874.634153 5411.317414 5990.410651 6669.267712 7127.057868 8513.351073 10212.20470 12994.25595 14569.97680 24126.63591 38576.30160 54231.19680 69406.86939 91909.94407 109720.9015 128350.3829 142848.3497 204489.8804 236013.3225 515291.5917 1350833.133 1814196.777 6823091.139
      sorted:	 0.02885321054 0.09308925642 0.2574711564 14.65506908 17.39172853 22.14205194 27.54814025 29.39585235 29.99613537 39.76962870 43.51537881 50.25854435 56.14848329 58.36930069 61.38152249 65.16859973 67.41855489 67.76972417 68.76630100 69.75879371 70.66098353 71.38256257 71.60628276 72.33236530 72.67363133 73.36148611 73.41665521 73.78983230 74.12628811 74.41448469 74.66518896 74.88053083 75.06549879 75.20989165 75.26054982 75.37243739 75.48714555 75.58586373 75.67036773 75.74277742 75.80465545 75.85767067 75.90293786 75.94150830 75.97416672 76.00177343 76.02508167 76.04482167 76.06156804 76.07577648 76.08784373 76.09807446 76.10672438 76.11404116 76.12028916 76.12560163 76.13009806 76.13389266 76.13709567 76.13980223 76.14209898 76.14407478 76.14751767 76.15435544 76.15435544 77.07427438 80.04112159 98.77879595 101.1465795 107.7622202 118.3567379 120.1952277 127.3988939 133.4828137 135.4817833 138.7740506 145.1443012 153.3205062 158.2926552 158.9565281 159.4197728 162.1084381 166.8144315 170.2015817 173.3837295 177.2692087 181.2872867 187.0452385 194.0175878 199.7862570 204.0978709 233.3900057 243.1053082 256.7618485 264.6664360 283.9321278 297.4761235 307.7955042 336.7826188 351.8846884 473.8067365 497.1558362 643.6188413 705.5861291 771.2872481 792.4234661 826.4101603 932.7077777 966.6271711 1219.788572 1384.529127 1403.346705 1548.438564 1701.026688 1957.593447 2125.244226 2213.461631 2376.084605 2462.206441 2695.125194 2984.620645 2998.750879 3428.479418 3558.995918 3593.112320 3822.895181 4514.544391 4724.660812 4874.634153 5411.317414 5990.410651 6669.267712 7127.057868 8513.351073 10212.20470 12994.25595 14569.97680 24126.63591 38576.30160 54231.19680 69406.86939 91909.94407 109720.9015 128350.3829 142848.3497 204489.8804 236013.3225 515291.5917 1350833.133 1814196.777 6823091.139
