    unsorted:	 171.3472991 171.3472991 275.2981746 277.1727536 270.9955724 279.7201198 259.2488458 254.0235330 250.6703364 245.8570506 241.9199673 232.7991229 228.9686643 293.6855059 297.5726760 303.8588340 303.0185028 306.1809635 215.8511365 209.9319971 208.2793062 202.5073047 196.2133446 195.1531431 320.5822304 176.3217898 170.5877342 168.5554172 161.6671489 326.9368052 333.4491668 342.9610347 138.3910656 133.0468575 126.6988918 123.6374171 114.6768515 110.5958145 353.4302546 364.2575167 102.4612563 92.19985552 87.33176609 378.0606225 389.5150778 397.8036326 406.2770206 417.7584458 58.96920207 0.02245571736 0.02511005080 0.07724628926 0.06321170626 39.09610876 22.10993737 20.46363251 16.57230459 436.8161386 452.4704445 464.1416351 541.6516723 543.7559691 593.9249930 610.8589976 643.2551047 660.2867928 669.3113048 876.7881054 857.1818722 943.3957741 1020.325686 1243.935490 1346.797737 1495.755487 1691.543361 1937.222853 2141.919647 2213.436169 2331.069628 2676.017355 2897.707783 3048.924775 3275.690061 3602.618734 5548.927786 5942.947777 7431.952879 10823.15915 19744.06122 28396.38491 39294.21953 35883.98845 42774.56723 53844.06024 64647.61565 80466.03949 85137.16639 175556.8157 369687.8521 6624861.691
      sorted:	 0.02245571736 0.02511005080 0.06321170626 0.07724628926 16.57230459 20.46363251 22.10993737 39.09610876 58.96920207 87.33176609 92.19985552 102.4612563 110.5958145 114.6768515 123.6374171 126.6988918 133.0468575 138.3910656 161.6671489 168.5554172 170.5877342 171.3472991 171.3472991 176.3217898 195.1531431 196.2133446 202.5073047 208.2793062 209.9319971 215.8511365 228.9686643 232.7991229 241.9199673 245.8570506 250.6703364 254.0235330 259.2488458 270.9955724 275.2981746 277.1727536 279.7201198 293.6855059 297.5726760 303.0185028 303.8588340 306.1809635 320.5822304 326.9368052 333.4491668 342.9610347 353.4302546 364.2575167 378.0606225 389.5150778 397.8036326 406.2770206 417.7584458 436.8161386 452.4704445 464.1416351 541.6516723 543.7559691 593.9249930 610.8589976 643.2551047 660.2867928 669.3113048 857.1818722 876.7881054 943.3957741 1020.325686 1243.935490 1346.797737 1495.755487 1691.543361 1937.222853 2141.919647 2213.436169 2331.069628 2676.017355 2897.707783 3048.924775 3275.690061 3602.618734 5548.927786 5942.947777 7431.952879 10823.15915 19744.06122 28396.38491 35883.98845 39294.21953 42774.56723 53844.06024 64647.61565 80466.03949 85137.16639 175556.8157 369687.8521 6624861.691
