    unsorted:	 171.3472991 171.3472991 171.3472991 171.3472991 171.3472991 171.3472991 171.3472991 171.3472991 171.3472991 171.3472991 171.3472991 171.3472991 171.3472991 272.2960428 269.0962290 267.5051431 266.7497845 276.1678284 279.5185668 257.6356535 284.3514350 253.9182015 239.5423923 245.1432210 235.9976187 229.1802373 291.6711202 222.0147071 217.7759619 209.8742100 210.4925949 204.1197708 300.1765320 303.6356916 308.7240327 310.7312222 319.4359408 192.0666314 329.8955421 174.6033864 165.9817958 159.1709156 151.5434792 149.9662214 343.4947764 354.3420001 127.5707565 123.1312393 117.0574600 112.1535627 367.1160408 103.4767255 376.1812788 88.39618468 390.2812057 0.02046248866 0.01872022960 0.02281694340 0.07593041295 0.1543221278 0.6502432172 71.01819246 22.05600744 65.24867343 21.93241129 17.12073614 45.28816614 405.6699555 416.1326155 441.6857330 433.2331206 443.7307645 454.3642996 479.4536508 495.8893751 531.2059234 588.2119541 580.4702981 639.5004856 665.7975229 681.8529741 738.8898322 806.4128013 878.4606545 1000.606420 1019.258752 1103.433731 1156.354945 1270.086202 1377.091147 1509.039113 1772.776838 1876.009295 2095.263700 2328.334212 2393.488327 2512.215596 2894.958325 3118.613446 3585.023274 3674.391788 3742.434893 4209.980778 7092.057997 7881.813737 8527.088958 11532.76283 15129.07949 16113.90412 22515.05917 28676.94361 37834.93973 38837.30746 39292.47118 51244.61359 66025.28351 83093.91523 164126.1572 405908.1333 700841.3525
      sorted:	 0.01872022960 0.02046248866 0.02281694340 0.07593041295 0.1543221278 0.6502432172 17.12073614 21.93241129 22.05600744 45.28816614 65.24867343 71.01819246 88.39618468 103.4767255 112.1535627 117.0574600 123.1312393 127.5707565 149.9662214 151.5434792 159.1709156 165.9817958 171.3472991 171.3472991 171.3472991 171.3472991 171.3472991 171.3472991 171.3472991 171.3472991 171.3472991 171.3472991 171.3472991 171.3472991 171.3472991 174.6033864 192.0666314 204.1197708 209.8742100 210.4925949 217.7759619 222.0147071 229.1802373 235.9976187 239.5423923 245.1432210 253.9182015 257.6356535 266.7497845 267.5051431 269.0962290 272.2960428 276.1678284 279.5185668 284.3514350 291.6711202 300.1765320 303.6356916 308.7240327 310.7312222 319.4359408 329.8955421 343.4947764 354.3420001 367.1160408 376.1812788 390.2812057 405.6699555 416.1326155 433.2331206 441.6857330 443.7307645 454.3642996 479.4536508 495.8893751 531.2059234 580.4702981 588.2119541 639.5004856 665.7975229 681.8529741 738.8898322 806.4128013 878.4606545 1000.606420 1019.258752 1103.433731 1156.354945 1270.086202 1377.091147 1509.039113 1772.776838 1876.009295 2095.263700 2328.334212 2393.488327 2512.215596 2894.958325 3118.613446 3585.023274 3674.391788 3742.434893 4209.980778 7092.057997 7881.813737 8527.088958 11532.76283 15129.07949 16113.90412 22515.05917 28676.94361 37834.93973 38837.30746 39292.47118 51244.61359 66025.28351 83093.91523 164126.1572 405908.1333 700841.3525
