    unsorted:	 171.3472991 171.3472991 171.3472991 171.3472991 171.3472991 171.3472991 171.3472991 171.3472991 171.3472991 171.3472991 171.3472991 171.3472991 171.3472991 268.1345090 266.5750402 272.6314100 262.9445146 277.2061287 280.0090842 286.1824988 287.5705745 252.9046836 249.3989596 244.5843320 240.1303118 297.2335396 301.1347862 305.8377328 225.1597470 222.4866334 219.5428863 216.2723558 211.7161032 204.1495268 201.6153878 321.0469374 324.1735027 331.5593375 336.0822755 343.9250770 344.9509257 186.9631346 177.3563334 361.8911661 156.0763113 154.1788232 138.5640097 390.4043610 393.4276523 123.3897524 118.4301333 114.0797933 406.4041321 414.8975483 419.8397314 89.57931138 83.56973865 75.57737166 67.07413939 65.24014851 434.8036544 51.26468869 0.02276882579 0.01930272766 0.07612106566 0.08842938009 41.07134359 22.09932554 17.07337384 453.1931441 465.1595417 491.3193598 558.4558732 582.4582132 612.9660752 637.0105300 672.0389626 700.2897973 722.3366287 919.8232255 957.6438695 1011.735990 1075.876289 1130.705502 1260.649760 1453.981928 1597.863209 1869.516435 2028.600760 2161.701810 2448.501188 2614.324673 2656.651768 3169.008869 3208.400459 3893.866526 5353.291644 6068.003701 6883.051459 9357.045443 11681.28982 14437.60974 20624.92664 26495.70191 31506.93197 39255.35745 40690.00774 47006.42577 59316.52405 94047.46852 128892.5779 162459.8530 786885.9847
      sorted:	 0.01930272766 0.02276882579 0.07612106566 0.08842938009 17.07337384 22.09932554 41.07134359 51.26468869 65.24014851 67.07413939 75.57737166 83.56973865 89.57931138 114.0797933 118.4301333 123.3897524 138.5640097 154.1788232 156.0763113 171.3472991 171.3472991 171.3472991 171.3472991 171.3472991 171.3472991 171.3472991 171.3472991 171.3472991 171.3472991 171.3472991 171.3472991 171.3472991 177.3563334 186.9631346 201.6153878 204.1495268 211.7161032 216.2723558 219.5428863 222.4866334 225.1597470 240.1303118 244.5843320 249.3989596 252.9046836 262.9445146 266.5750402 268.1345090 272.6314100 277.2061287 280.0090842 286.1824988 287.5705745 297.2335396 301.1347862 305.8377328 321.0469374 324.1735027 331.5593375 336.0822755 343.9250770 344.9509257 361.8911661 390.4043610 393.4276523 406.4041321 414.8975483 419.8397314 434.8036544 453.1931441 465.1595417 491.3193598 558.4558732 582.4582132 612.9660752 637.0105300 672.0389626 700.2897973 722.3366287 919.8232255 957.6438695 1011.735990 1075.876289 1130.705502 1260.649760 1453.981928 1597.863209 1869.516435 2028.600760 2161.701810 2448.501188 2614.324673 2656.651768 3169.008869 3208.400459 3893.866526 5353.291644 6068.003701 6883.051459 9357.045443 11681.28982 14437.60974 20624.92664 26495.70191 31506.93197 39255.35745 40690.00774 47006.42577 59316.52405 94047.46852 128892.5779 162459.8530 786885.9847
