    unsorted:	 171.3472991 171.3472991 171.3472991 171.3472991 171.3472991 171.3472991 171.3472991 171.3472991 171.3472991 171.3472991 171.3472991 171.3472991 171.3472991 272.2959988 269.0962029 267.5051395 266.7497814 276.1677918 279.5185316 257.6356956 284.3514357 253.9181966 239.5423853 245.1431881 235.9975940 229.1802068 291.6710782 222.0147206 217.7759644 209.8742341 210.4926344 204.1197925 300.1765422 303.6356729 308.7240256 310.7312816 319.4359311 192.0666363 329.8955259 174.6033857 165.9818095 159.1709236 151.5434530 149.9662218 343.4947797 354.3420241 127.5707494 123.1312324 117.0575985 112.1535649 367.1160957 103.4767289 376.1812691 88.39618062 390.2811862 0.02046334723 0.01872067169 0.02279396151 0.07593318153 0.1544864624 0.6502226970 71.01817682 22.05600685 65.24866726 21.93241303 17.12073504 45.28817247 405.6699387 416.1325870 441.6857039 433.2331753 443.7307649 454.3645494 479.4536477 495.8893417 531.2059087 588.2119070 580.4702758 639.5005159 665.7976547 681.8529904 738.8900696 806.4128965 878.4607013 1000.606415 1019.258782 1103.433770 1156.354936 1270.086176 1377.091129 1509.039112 1772.776791 1876.009221 2095.263691 2328.334256 2393.488370 2512.215835 2894.958306 3118.614487 3585.023486 3674.392101 3742.435132 4209.982537 7092.058158 7881.814488 8527.096520 11532.76323 15129.07928 16113.90505 22515.05963 28676.94481 37834.93954 38837.30913 39292.47122 51244.61364 66025.28624 83093.91552 164126.1570 405907.1381 700841.3282
      sorted:	 0.01872067169 0.02046334723 0.02279396151 0.07593318153 0.1544864624 0.6502226970 17.12073504 21.93241303 22.05600685 45.28817247 65.24866726 71.01817682 88.39618062 103.4767289 112.1535649 117.0575985 123.1312324 127.5707494 149.9662218 151.5434530 159.1709236 165.9818095 171.3472991 171.3472991 171.3472991 171.3472991 171.3472991 171.3472991 171.3472991 171.3472991 171.3472991 171.3472991 171.3472991 171.3472991 171.3472991 174.6033857 192.0666363 204.1197925 209.8742341 210.4926344 217.7759644 222.0147206 229.1802068 235.9975940 239.5423853 245.1431881 253.9181966 257.6356956 266.7497814 267.5051395 269.0962029 272.2959988 276.1677918 279.5185316 284.3514357 291.6710782 300.1765422 303.6356729 308.7240256 310.7312816 319.4359311 329.8955259 343.4947797 354.3420241 367.1160957 376.1812691 390.2811862 405.6699387 416.1325870 433.2331753 441.6857039 443.7307649 454.3645494 479.4536477 495.8893417 531.2059087 580.4702758 588.2119070 639.5005159 665.7976547 681.8529904 738.8900696 806.4128965 878.4607013 1000.606415 1019.258782 1103.433770 1156.354936 1270.086176 1377.091129 1509.039112 1772.776791 1876.009221 2095.263691 2328.334256 2393.488370 2512.215835 2894.958306 3118.614487 3585.023486 3674.392101 3742.435132 4209.982537 7092.058158 7881.814488 8527.096520 11532.76323 15129.07928 16113.90505 22515.05963 28676.94481 37834.93954 38837.30913 39292.47122 51244.61364 66025.28624 83093.91552 164126.1570 405907.1381 700841.3282
